4067937334, 2377146423, 389372046, 2026006286, 714084402, 3037059140,
1780242818, 40197593, 1596386686, 1599279935, 1266511510, 2829326973,
19953682, 2365697137, 3708000003, 3420036047, 3809111906, 3288189911,
3160840622, 3896223581, 2456079431, 325799322, 2611112498, 204718695,
3271617227, 2794779139, 4200221150, 2795645850, 1502488027, 552206049,
1443456797, 605770148, 1930253754, 3204892235, 1773565991, 1514222118,
3315253978, 4293606530, 2766635167, 2919479013, 865484801, 1857787355,
1018397935, 2089237698, 755003617, 2442520537, 1042028877, 1139855412,
2167534462, 607329827, 4261222168, 2287141114, 4195837391, 638831984,
138959984, 1390043454, 3514058693, 1117991310, 4145347236, 671891350,
43704094, 1866332387, 380327593, 3478419871, 3678615806, 1950062134,
2708141066, 487165135, 483280373, 2260713277, 363227257, 148057704,
2302042441, 3974205569, 667377720, 4196147080, 4130595830, 3780147839,
87529000, 956235305, 3378129334, 1821402620, 1376955751, 2304970766,
769870254, 3084452079, 1022781545, 615850317, 3171383662, 1478966598,
1054759088, 3987628279, 1062652255, 300716129, 1396781604, 4221501386,
3056531494, 942556204, 4003644592, 3457634011, 4242607875, 4055419462,
1771466366, 3110974306, 4083716477, 509217453, 3104880442, 1100858043,
3791202431, 331720446, 2229669032, 3029362733, 2557279426, 1508091433,
3953270448, 849580250, 3941374990, 3865683240, 1687512039, 1172388631,
3188283235, 3479798329, 3749810326, 3531260633, 3242495601,
3224789622, 3204397526, 1584997102, 404018628, 3436685390, 637064698,
3821234912, 3262092573, 2964935454, 2791699956, 773872124, 3122671003,
4196038686, 1195095102, 526206597, 4213218169, 3795417982, 2431505453,
3053110202, 1702183795, 133824988, 671893526, 3024407547, 1830543756,
39856468, 549263115, 3331521934, 1213845984, 2175801623, 1392052309,
3079524906, 137255062, 1580393440, 349659758, 1446030665, 625736298,
473610151, 1070096822, 2135547802, 2617898768, 62466936, 4195230273,
3763002328, 2118377971, 3081546536, 4145649400, 4123829591,
2153881233, 448282765, 2867633228, 3361222562, 1267647097, 3313100800,
3872865194, 981227742, 1908187843, 868167233, 1767829915, 3011002444,
1601521740, 2566057152, 2630463407, 932212017, 50499987, 3171235489,
2086598693, 2679666036, 967661609, 2079465142, 3572969459, 421317115,
1061273774, 3803384619, 2542558717, 2020621944, 2531490217,
1071136048, 2844654298, 1453876826, 3942177800, 115753525, 79067441,
698487646, 2902433991, 3076073617, 3015497851, 3872821000, 697387819,
1488526858, 4200355721, 1513651226, 2090163081, 2067201444,
4283998416, 1110463926, 3122419813, 2395420502, 3350726313,
3622745713, 924416720, 518250714, 1098889215, 3955053598, 694233603,
3836660004, 662069630, 2335963168, 345165589, 3070456637, 1132772780,
3524314476, 3427605899, 4288159655, 3275248727, 3947360268,
2624289057, 962465846, 2137283171, 3586067798, 71210528, 394055430,
4011043295, 373726000, 2998537878, 2485060483, 4259340619, 3852122837,
3388546321, 67641538, 2775502554, 2383435214, 3772912800, 2374294349,
3515852401, 3379629720, 2688738464, 2606250464, 141419167, 3384881177,
166565798, 896789181, 946185406, 706722814, 3992479922, 3463964410,
3550470337, 1549510355, 3630911664, 3762856657, 2852160740,
2186966552, 374119801, 181322058, 1348714665, 3982303642, 663993146,
313723252, 842143812, 2102848588, 381776393, 2509753588, 354698890,
231458001, 199768934, 3098991830, 649889860, 2963150487, 958620948,
2144338785, 2929022571, 3230195462, 3167062532, 651249373, 1413776694,
2224138976, 4032984585, 109640215, 1520891807, 3009911484, 2641848454,
2315241994, 674452004, 1442476807, 1102743414, 1729507768, 2650268406,
4004513749, 3167260547, 4186481612, 2114130163, 3258494630, 717009221,
3885557465, 2095408592, 301450361, 1121668927, 3163563881, 3769884743,
2557358996, 2434094181, 2678687234, 263081485, 2572838173, 129559613,
3172281976, 1930440317, 1578206726, 2281864457, 3385031181, 970203611,
3574975817, 3391094462, 3883695600, 2277210906, 499821542, 187519168,
3789895581, 1573391988, 1067180143, 3265809766, 3829199415,
3023735618, 2205581655, 1512187037, 3575592674, 2315504815,
2257655319, 3239103789, 166578474, 1346533583, 3711425689, 3546951820,
3330044693, 2401001543, 1742048434, 2922228329, 2677617353,
1483087207, 137651842, 3774439825, 2917843224, 1222719064, 2206357530,
3820776117, 2787922479, 1675024079, 3187524418, 2262890315,
1918865017, 2845271781, 1147355348, 3545049717, 4121795628,
3110253228, 3942217182, 2779684730, 123861978, 846119047, 2913062046,
130595448, 2210050878, 875912274, 589741559, 1335149479, 3977353864,
1317825936, 3005823025, 3234352140, 2897247295, 4264449360,
3809390882, 397280738, 1579093947, 3718597477, 2442881219, 220161628,
2595502563, 3288489453, 1054859197, 2959461173, 2381168123,
1682099789, 662922939, 929210336, 3266891536, 3690029973, 1001775145,
4071497863, 201106214, 499466304, 4194486498, 3401422762, 363733772,
571247419, 2858083463, 1201202933, 3323548775, 3203844605, 1983224369,
126623726, 17419077, 1668432794, 3845191378, 2797358927, 3147403466,
90436712, 980953532, 1202951261, 975235580, 4184145870, 938513264,
1853910937, 4073379445, 2937345612, 3947406660, 2010935305,
1427089759, 1321615836, 1614923056, 3289826915, 356736206, 4094743195,
1700234637, 3719369003, 1289402930, 1551713358, 1974175091, 557994547,
3345744833, 279418425, 236893371, 3074501943, 3637066491, 1195619554,
2770694135, 2303284580, 1865678996, 1197288141, 3818160482,
3610986174, 1548835290, 1423533283, 3186727022, 1543530470,
3226125136, 4095973701, 1133332220, 816615506, 738520119, 1332790863,
4172348481, 4026560910, 3360273713, 1925850834, 902560350, 1122498262,
871265639, 1694815802, 1323622775, 2573756752, 4127611781, 4273023246,
3939564356, 2108268126, 699019768, 1503812289, 2985327474, 3677468552,
738279410, 304811723, 2907300165, 1317810737, 3567145158, 1087637164,
585356625, 1098682859, 3881489540, 861342265, 3416336152, 1932503891,
855564273, 3096491978, 14840384, 246283203, 1828112292, 91840652,
1453569159, 2191093035, 3708742185, 847941386, 936592825, 2719314840,
2398492608, 4256692389, 1321780893, 3446891605, 2079059040,
2692740667, 3825755385, 742934286, 3236018768, 1031418891, 3774310865,
1340591690, 2336446696, 3479930786, 3831566882, 2875041836, 747499665,
538284869, 3012800489, 4108185381, 3509560273, 3193891261, 1660215703,
1019651802, 3254890367, 2166591742, 179393400, 1668819933, 843237837,
498623605, 2841415964, 2934406371, 732789710, 1249919497, 2289009554,
583998397, 3587831387, 3798101735, 4200541473, 517152940, 2808441841,
2800821839, 2671705670, 1649987856, 3171541849, 382756448, 1141244640,
2051202435, 3439611588, 3563475200, 3516811793, 1729835152,
1941650674, 1817933062, 4171876097, 3324311172, 3468204937,
3013514783, 1756077986, 2119316410, 482890322, 3415350000, 3809692160,
1284817140, 3936329590, 2847804296, 525826553, 2890540763, 1667564091,
2790150164, 3473311735, 1375647192, 3423282166, 1480900979,
2884062971, 219576503, 754340897, 801943683, 2457929216, 1557874646,
2160664671, 4032674731, 3523455241, 3874664508, 881447073, 2054085347,
3249003703, 1844864082, 3622715390, 375770223, 1987216415, 379078808,
580692195, 616857834, 3004092676, 3016897529, 1811202849, 3306418024,
4152561255, 259794097, 4211940472, 3676677138, 2818125929, 2509954992,
1613176637, 3605946847, 3904298641, 2865421243, 2236056333,
2084267780, 541833681, 2283826572, 1608103916, 1020842495, 1039197272,
3276282671, 2439654178, 1007730023, 3096132379, 280283256, 3639987006,
1681859130, 2500818136, 2772478414, 165351538, 3250304063, 3380414329,
2256203749, 1124249038, 2980090699, 1186851519, 2232652730,
3769743215, 2376010518, 880249640, 3095821976, 1899703030, 1930887100,
273339311, 3884089078, 2117283431, 3673791609, 1907561581, 3175645813,
979817834, 3156081248, 3794397029, 1132576035, 2237500466, 2044180224,
2344175969, 818398623, 1150819394, 3389185340, 2051763612, 1976170072,
3027798967, 3715897323, 686931604, 865760243, 2255509639, 4057812152,
3432389042, 1042138114, 1353214950, 3446227373, 1020099318, 857668145,
2206839403, 3762581377, 74743223, 2944796961, 3221067559, 1993898354,
182465192, 2873560771, 3801564157, 2818468998, 669439189, 1939612588,
3968178873, 846323030, 2321739987, 1334098244, 3506935043, 4257156402,
1635439580, 3393433768, 988007963, 2324722131, 1149470820, 1265843458,
2130605556, 1139733020, 2261779750, 1668505744, 584273242, 1045433869,
2114889530, 628231091, 4142409286, 693220827, 2054051954, 3483983217,
3885689268, 34485080, 1828198759, 1859430855, 2654048734, 1172565031,
1407339275, 1496045503, 3515356435, 3996876813, 1297729821, 849428642,
2549982639, 4181821224, 1125947084, 4050090002, 2452698858,
1312780632, 462676101, 1576077897, 3325636220, 3150067463, 1137456270,
1182721627, 4086748952, 3394472025, 3330610064, 2658384769, 912538576,
2356855821, 2762219456, 1854757259, 2492228696, 281105411, 761451035,
970890013, 3380493799, 1817042962, 1614362271, 2352286995, 2205090913,
2910679806, 585978903, 992818674, 3066435976, 2737516312, 3620277270,
4210195191, 1727163116, 2945575368, 1883451079, 1953141268,
1886840129, 2017360681, 1307690122, 913133148, 3821976649, 710503765,
190890725, 2455865231, 2423962746, 958171628, 1951944616, 2007029899,
993516601, 2248177133, 1815852016, 3289653385, 2597663302, 660290011,
4157444205, 3907130228, 1045459515, 2704303744, 2013958021,
3151493624, 4048260070, 831972885, 1709374894, 459455924, 3036721590,
2282445209, 3983811419, 2717205633, 1435279477, 3463270908,
2284928122, 1155635823, 1387543378, 3121292283, 1866453629,
2346352382, 876030779, 3738805931, 141953220, 1316769318, 1266708742,
580854684, 2320796499, 2831410340, 3747917120, 3842615066, 1892355968,
4195186794, 2277087979, 2772054760, 405349905, 1215244883, 1137116109,
3225415289, 1236499696, 2147860073, 908861797, 3499488438, 2379053273,
2144063783, 3037871094, 838135397, 2319064701, 1692434449, 2251498380,
2197511071, 349367738, 3051125121, 2039566851, 3986325526, 2093734882,
665723561, 3303486037, 752475746, 2682712891, 1253246092, 2469807406,
175841967, 2045199509, 3656248215, 3966178229, 476028547, 1850717566,
4101554737, 2928174748, 616835512, 2902771871, 1191818959, 3315793118,
1882558178, 3064478328, 1254909141, 1814115188, 1842295869,
4270928450, 2125458584, 4057792718, 1682414270, 2475910911,
3141644122, 1275116954, 1452215918, 2930598817, 1589789830,
1129065145, 1390097146, 1726618033, 3761333699, 4235136685,
1588178388, 3768104086, 2925766841, 1837134575, 3854754793, 133461602,
3023065484, 2300078221, 140513381, 1144737083, 2509357809, 2163629644,
2108739720, 1318570621, 279463898, 2979272248, 634967530, 771487301,
1922606520, 553797668, 2238711346, 1180115763, 2001111143, 3099003026,
2083730019, 3584011343, 1427601779, 1920424911, 930339969, 1457053107,
1763120663, 2744774211, 2400553239, 1763747028, 2192216915,
1182918700, 1397113195, 778281838, 1996126380, 483061310, 2159426061,
3521425959, 1710895682, 2248622040, 1636099062, 972869502, 2210087899,
313878753, 2917929899, 813202180, 97048874, 1613371272, 3166063623,
2617068037, 524988045, 1639569624, 2116885784, 2910485537, 1530581901,
2909150348, 947995189, 3307135134, 995026655, 4238686183, 903215223,
442347042, 1299554944, 4119577748, 2048095749, 158316662, 1832704792,
2396780765, 3840212064, 4180762365, 385329199, 1808781526, 2675871618,
1060660228, 2765249783, 1768910037, 1746173898, 1390620551,
3490737991, 1893869157, 1436082188, 2977288307, 1097576128,
1571421561, 246413932, 4261916672, 277624222, 3684222630, 2957296906,
2238996065, 1912740332, 54530409, 4177872438, 2650163420, 2603206755,
2798719276, 1951319265, 166503772, 2506328213, 2596621294, 38133200,
1358894979, 1854228388, 663336982, 2293310680, 3639936753, 1422313671,
1835328763, 3924815656, 2126398623, 2320419273, 2213106359,
2413155821, 4275182485, 3454443561, 4208741372, 2369755968,
1282971209, 388519402, 591895883, 3478390023, 884959263, 1956936025,
1451073545, 129553054, 3139449849, 3140374173, 1973721162, 324626049,
4252779113, 1362073261, 11798250, 1207594630, 3796912238, 385813721,
1890549014, 1912103192, 3325146240, 1718207868, 1827323013,
1499004190, 2221106833, 852061479, 2316289494, 1484689201, 2578028102,
3481286612, 3400115232, 4027243654, 852522582, 979517598, 4035314614,
2548831588, 1086488085, 1293932004, 2671224251, 3429791779,
1611508085, 3139701407, 3603254114, 4036258662, 1230145694,
3403747325, 1469923533, 631517899, 2063498921, 502203776, 2210363540,
1672527207, 1240723877, 3925636546, 3678909493, 4274283745,
2291508580, 1512221925, 2067903608, 2358001412, 2512556689,
3625697120, 3921634180, 2631358257, 2022013805, 630672557, 3231615058,
86378671, 2588741219, 2132976105, 3593083794, 939011857, 2672709434,
2442571436, 2600326111, 3310995622, 3326477578, 4188651518,
3673964003, 3693019324, 2198247037, 257513331, 1758917853, 2412220218,
577294599, 4005912136, 269821872, 185194831, 3939529573, 1955270661,
2920403853, 1508823410, 3094210509, 1701080267, 3614709621,
2247642335, 1834262636, 475811628, 586282758, 3624875127, 2382804677,
1742536275, 669736695, 3157587416, 2772828224, 3654913715, 793469458,
1591179610, 288440926, 697810384, 1553726529, 2365217364, 1243404148,
1020859554, 2419153367, 138107853, 1357334573, 2843315045, 1963028225,
2424265068, 656524520, 1388170057, 1671639880, 3463476107, 2893741846,
1899916280, 4204976819, 139002, 1125490558, 416541402, 1006288323,
1397993183, 3854444038, 1925428849, 4225069884, 657178278, 2075542311,
403203555, 2529718603, 1434452889, 848398035, 2079074284, 2697868738,
560316041, 1726615832, 3253320302, 2456442035, 742867171, 751818268,
3851588433, 1442207938, 2295635785, 108104336, 35566939, 1276062773,
1345731243, 695026380, 3479046973, 761254274, 412205251, 2000157980,
1484019329, 1306884738, 1108540563, 674530512, 1823814090, 348556718,
3029781800, 826419476, 3338367504, 2803094917, 3722555849, 838581399,
576859960, 169766755, 4154839619, 3982120805, 1277787919, 1718961951,
3799434262, 42109165, 2500349051, 609375358, 3685358383, 1317263865,
2768530089, 506623923, 897733250, 2089492710, 1173868391, 2901299843,
2061381013, 4188278318, 57756236, 1275766950, 2648227222, 194248856,
342626045, 1134667543, 413894938, 470756740, 141409404, 2385687271,
1252290271, 3287495473, 1921304009, 561625951, 2529256855, 2757669953,
3890226439, 406977444, 402576064, 16849204, 762184193, 3934053701,
3728807960, 2852503914, 2035602585, 3143900602, 2773315838,
2240401730, 1760015196, 4042746254, 268350978, 4127367122, 1686955011,
1092329863, 468928207, 1805654781, 3545406235, 4099533903, 4022439700,
345857096, 2919065881, 2311702175, 1326284492, 3531290744, 3536910895,
3061867734, 3053915124, 2356047245, 2853104492, 2110558115,
2628601003, 2260560397, 938981543, 2558456108, 3982191856, 3486295588,
3690934212, 4214563647, 2320244236, 531290353, 1556307296, 3752869883,
1078422660, 2015127959, 3925725978, 126658161, 955516658, 1263117162,
167912455, 968510375, 1679099967, 1554213683, 1708615450, 2057426620,
587298458, 167699946, 930186201, 2736729964, 2922520273, 962449562,
3964261610, 4264516302, 1652861311, 3948600756, 2087982097,
3204598342, 3805226486, 1667735377, 2692734643, 2467979090,
2733401904, 1178658054, 1580214715, 2487377062, 1343314454,
4022356397, 2809607030, 3382869022, 1972637226, 3772072669,
1020101390, 4239285104, 1004560507, 3016807310, 3059762040,
1676428350, 1092516180, 2222173935, 2560229250, 1840302174,
1148317207, 3719489102, 1361402552, 3880218188, 3714144119,
1419260416, 1840521347, 4154290114, 402007016, 2428459903, 366430963,
1858371044, 362557400, 3064169161, 3984206148, 1920085964, 2205789715,
2106772221, 3177625645, 2773604112, 3851956593, 1775185479,
3815493639, 4116013220, 700607210, 1794965310, 3242436926, 3670761607,
3029418988, 3170428437, 2999864927, 2169041386, 1255484353,
1345391563, 895649382, 1341317094, 2185963046, 494379415, 3954169413,
1473005940, 2122422572, 138515828, 3312692476, 3704059481, 4148619651,
1051501820, 143332958, 3351498695, 1003357158, 2175559402, 1773327834,
138943984, 2358316928, 490410967, 760235214, 485362890, 1817748699,
4056167517, 1661017637, 1542314936, 2209301159, 2327189586,
2362374080, 276617509, 982477740, 3489032856, 349483076, 1187123867,
197377447, 3475685993, 1240000785, 336831325, 3494376990, 2273592855,
239169315, 4234527362, 2424717507, 729995794, 1727055782, 1877007349,
689402360, 3344078257, 3103185478, 3520273507, 4030122033, 3402074805,
4165809942, 1000674025, 2910439926, 1779772400, 3641268771,
1851343465, 3997073393, 4206345220, 4053582967, 4025682127,
2006478200, 2789905462, 1924403084, 2961421646, 1046753370, 989494042,
3215277292, 1797409152, 1646837002, 1027473585, 268293784, 2493991674,
389892244, 3657784080, 426888610, 3533249755, 2361251904, 4052638821,
675299035, 3773845863, 793330556, 114186043, 2937237193, 395054418,
3754399079, 3190502223, 2245413013, 2764791201, 4052957427,
1794009952, 3738948795, 3293864610, 2152773770, 61802727, 2284554882,
426319847, 1989685749, 2650066551, 3945030944, 318302791, 2891080999,
3679217709, 2138925039, 336328596, 631331557, 3426147293, 4136865413,
3672654997, 92767567, 1339681307, 2628328089, 4246185091, 1787115419,
2431700958, 3965658004, 2139092531, 1581026313, 2354401477, 897288276,
2268068583, 24805889, 1425508785, 408128580, 234355296, 2982026072,
381910568, 1022169453, 1641715863, 2447508533, 1458475536, 713691568,
2221543566, 2623372985, 765373570, 2359222623, 3697307905, 2980916014,
2924135419, 2795581969, 2432010677, 2058841752, 1489124655,
1189562664, 2908817088, 76108184, 2296129800, 2800797991, 378283579,
2523406067, 2941829932, 3519998645, 1244058174, 1645603288,
3529410568, 4059663713, 2917859001, 4290875209, 3491090335,
1391417455, 3102229020, 3485023184, 3917549286, 1300085218,
3317059265, 2652441790, 4111948613, 830877521, 2458146294, 2376845957,
2914939642, 3161003518, 3490567455, 2050369322, 2702557886,
3461510654, 836073084, 2276544045, 4018496066, 1333211896, 310925653,
3347269280, 2291726681, 799956963, 3193349906, 2064460597, 3426310718,
471826558, 3815325217, 1661628435, 3427723180, 1160957698, 4188844202,
1607028284, 4290280302, 1291875217, 2452031531, 4154761796,
3606862274, 180409680, 4147960710, 157596778, 4232243916, 4144006291,
3584570786, 3317252994, 2231362334, 1743450860, 4070932796,
1133391558, 2831564621, 1451940442, 3399790672, 892212291, 527428019,
1305239016, 2331362184, 2171064621, 300949873, 3293179435, 1790102450,
34174085, 587634534, 549299170, 3595793198, 3852644527, 3477022290,
2881715495, 2647801453, 3456115935, 2685927789, 1341678623,
3513797096, 1953849723, 2912587962, 247418364, 2603823351, 2785497094,
970276086, 3074089966, 1609343622, 3096181190, 1722608478, 2165285271,
446830529, 2312165480, 1880490681, 3697157414, 3905077458, 1755383434,
229969443, 1900239037, 4200936033, 3047525813, 3782797798, 4163636310,
2646903335, 568072463, 2591330181, 1911917080, 1642874863, 1273029028,
3039720638, 2173385856, 3764319588, 3073809232, 969646378, 2994208435,
2796535721, 1142568107, 3174352857, 223339620, 4060388309, 51115871,
1225376949, 2545063165, 3378497691, 4227009595, 698866607, 2275737197,
1837817199, 1084909862, 3178705586, 3733958292, 2790593182,
1931243862, 969223698, 2072275896, 3072976352, 3372004864, 3516586535,
731861077, 3931699063, 4065497896, 2898814410, 2752436739, 2821136997,
3635820772, 364115818, 2706303182, 1837275354, 2825578779, 3730292415,
2914582949, 1232428092, 3355040512, 2878665649, 2432254165,
2582260567, 534766037, 4123671817, 2992386250, 3786378102, 3157184145,
365196036, 1043412255, 1877852243, 3239916277, 482286796, 3219377492,
1625783605, 1051978983, 419496081, 1547562592, 3933507622, 2072780,
495193379, 2833634911, 4244696814, 3862879933, 1534099600, 2189311307,
1675443229, 1264175982, 84961634, 3408214403, 3628589892, 3005971835,
4028119602, 94418359, 1599089660, 1400547888, 179267862, 211728242,
2358373728, 3990810890, 2660907389, 4209898416, 764970425, 2229862544,
791992303, 1764361819, 69924970, 2862269913, 1381464658, 54292735,
877476626, 930351745, 3840518951, 2010355267, 559443943, 975755818,
3529645265, 4174377813, 2883324469, 2933464677, 1786284688,
1459796179, 2537489957, 307928155, 4037487093, 3300272761, 3059356205,
290171394, 1119105489, 87280418, 304303166, 3703167850, 620575112,
1290243188, 199278767, 2833359274, 898253485, 1317203958, 159350624,
1015387954, 188647306, 1930218804, 2200289432, 212040856, 2726113796,
3958962426, 2778464606, 3190479809, 2961396972, 3098333457,
4013016925, 3129881651, 1913360277, 1710220569, 2375016802,
1592826791, 1408541207, 1067814508, 286817724, 1331727189, 1754933359,
3247772095, 879825426, 3337719185, 3071458356, 53376167, 2622249900,
1987488735, 2724753692, 635026533, 4028885755, 3110137626, 1310005286,
1188077122, 2246626823, 1579218376, 842087752, 1626839978, 2980576277,
1405717542, 3956888612, 165015545, 3868369535, 3723174244, 1156504069,
849703023, 2439275, 3632966246, 1574034920, 3792900756, 244132658,
2388772239, 3456891175, 1954834623, 4092100243, 4008240061, 64489080,
932865261, 3091282330, 250230302, 2502282917, 1413011123, 3367969928,
440872940, 3879097972, 2201843571, 917712391, 2920549284, 3676559514,
4045131582, 1439522357, 951618841, 3087883963, 4073701540, 3874955954,
4234781639, 2396400670, 1948584645, 1735525640, 4209768, 346054147,
2089212670, 2772212453, 2715945947, 3237169569, 2826150540, 921661578,
2216647263, 1862187696, 2993790087, 420313605, 4239664291, 3380877902,
1018945827, 3599650258, 119150984, 3225744797, 542980499, 3462615172,
830602008, 1474966093, 1854147554, 2713651833, 3447042390, 219690100,
1364796201, 3113149977, 2368056415, 3717979119, 3747576952,
4247905279, 190976552, 1312495864, 1928630505, 1291957548, 1550722060,
3618212315, 870204847, 3256640223, 234961116, 2842195426, 1344637101,
3097979574, 3956089670, 490006627, 1152484123, 1979171704, 4080637725,
561144505, 774278666, 2052308851, 310788441, 2823615619, 2992240554,
833532352, 4033513355, 86875184, 2529541083, 1781223910, 3497499093,
1535508104, 990723339, 2633366661, 4095282849, 1206434300, 1960920914,
2264079804, 993166664, 2723778921, 643293632, 3842659783, 2557904874,
2572028256, 1767834501, 638446053, 1152173864, 1083141076, 3435378180,
3155322366, 432359917, 3510465822, 1923395226, 1374575692, 2893132145,
2584069982, 2149719187, 3019970882, 538501201, 181976812, 3943994384,
1132342502, 405669038, 3482892696, 3534617307, 697436708, 1708806700,
2805365311, 3075430626, 3000420099, 4198604588, 3948121272,
3690427400, 3877409692, 575979898, 2323879421, 2573882772, 3532592521,
856058713, 766746857, 2768276216, 4263161473, 4205524086, 1785345854,
2301494598, 4114991476, 1105551344, 949802881, 3512696268, 1883542401,
460434079, 2678177068, 2577782961, 1403180460, 4188354469, 40198639,
3186300229, 137531027, 2584320132, 2152500723, 796726118, 1662339342,
3335650554, 1703835172, 769821118, 2233169810, 2740638971, 3014364329,
3906031822, 4023478307, 2717506814, 372949075, 244600790, 710408280,
4265853890, 882345491, 4149692019, 886984626, 1465441249, 1772993086,
1334399108, 3009656624, 3798445975, 1323428409, 542106614, 1467548240,
3070329427, 4027731858, 1018816488, 4140996438, 4073338015,
3470918283, 2949837627, 749750394, 37389496, 2684716634, 2577563760,
972882620, 242280574, 2271437660, 915368342, 2392794464, 2197011229,
2951068917, 2302986246, 586891400, 2878602335, 1973972544, 301720797,
1821275303, 3557516663, 3117723307, 877833142, 1745776222, 4200015388,
2038661723, 1412374367, 120702236, 2159336540, 2822678234, 1883794812,
3662631735, 2653292293, 1264277575, 653998058, 290196106, 1635885713,
2546583700, 881108878, 258459213, 4175550928, 4206128966, 3190568530,
1421229842, 3224204503, 1617026825, 3034754906, 3622696675, 503489371,
935095910, 30972516, 740062868, 513966602, 1611891469, 2340890039,
2698704604, 3027799788, 2111001038, 3358108238, 434304490, 1472346861,
2071654404, 184319046, 469866200, 3354054366, 3172744744, 434253990,
3401905315, 1886854602, 2575763118, 2836026747, 2223111062, 952183745,
4180424691, 710952770, 400315857, 996489290, 3952874616, 3579845627,
2744570433, 783924777, 254301547, 3158875610, 117328002, 320883009,
2542729573, 755436386, 740057109, 1717053079, 3581490682, 1582221229,
2346081524, 711334265, 1857631915, 4027328074, 1537944766, 242226001,
2896384814, 1125922835, 1059148922, 1365006320, 3223210117,
1409379872, 543841624, 257895888, 1685909872, 149805833, 118172899,
128243349, 2957689022, 2657141944, 2248290289, 2498520190, 3846172642,
1514589459, 690559965, 4025795977, 1962704224, 2832236519, 2430907041,
1058376735, 2859425410, 465959975, 4188508584, 2327631459, 198321016,
1891256810, 2170259824, 3734754619, 943224550, 4279803831, 1937845100,
1242149712, 2566876122, 4208549619, 1911659833, 1123713104, 190654806,
1912632285, 1704434206, 1583689796, 627645603, 392309152, 2074177572,
3134105345, 1268252537, 3318884791, 3133269406, 4157069053,
2283355195, 1180881107, 4289761813, 1494699507, 1174121565, 201760157,
1958904907, 1789574289, 3997218257, 2754921249, 3545641607,
3015593729, 1043639065, 4126082817, 1628830160, 1507504011,
2222472673, 3855960837, 2905397007, 2831857563, 3584097666, 143825680,
790258496, 205610786, 1520818744, 387488777, 1206469251, 179287547,
1545417728, 3803014625, 2522316245, 2274701240, 1979328092,
4072389062, 3722846208, 2093630805, 2126803796, 23185395, 1098127597,
2313130793, 1009850970, 1341149142, 1946506964, 594769930, 2058930758,
49295627, 1056941183, 2864393756, 490308358, 3528369477, 382960517,
2705093364, 954068108, 4004026824, 1686022167, 483767442, 158922773,
616425637, 2530560981, 2486767326, 351813437, 144283990, 1478022363,
1925113617, 1852831476, 3957295407, 1208235115, 1466876302,
2585742242, 2182126726, 2724890215, 1925977484, 2705618657,
3862479771, 2188815672, 373157339, 2803959489, 2154005975, 3088912624,
685971669, 1940261596, 363573428, 1479529161, 4291352252, 2337896236,
87770145, 2661086309, 1701979111, 1820793500, 1937148240, 3265723623,
207321434, 1025223578, 917957532, 88495140, 3530061485, 1021832382,
2038821250, 4012401498, 730475451, 2298836903, 2006276356, 1441936074,
3043395858, 65866953, 2203338374, 2870807069, 166564608, 1728375910,
737807344, 3470939609, 3012010521, 1998688075, 2284883740, 1401044701,
761619315, 3411888618, 3419005482, 3261954354, 3810866123, 2606293103,
4141653945, 829898080, 2257752985, 279286155, 144524574, 3521296417,
1511145346, 1514155559, 685215482, 3735114181, 1738468592, 2487884389,
1084090514, 1018939631, 2727762743, 1383423503, 1547428891,
3202194661, 1339320677, 1663830611, 2870257619, 2829902593,
1833253973, 3153648696, 1998353527, 1542329243, 171121572, 4238421073,
2167007329, 97810529, 2593132751, 3701832639, 1269509827, 1273377676,
3104854872, 2155741119, 2498454111, 1363461762, 627682110, 2589973077,
1255480833, 2840997651, 3657500420, 51450751, 1206252792, 3884233471,
3570541600, 1979315672, 2802151934, 2075051833, 4177902213,
3847979520, 240863887, 3576984060, 3420335690, 3360361866, 3146277837,
2753824318, 2722545758, 3757875798, 3371330005, 728424994, 3593272600,
2764504186, 206223803, 2642363575, 625707537, 1252783980, 498736404,
2601810912, 2403986830, 3913785339, 3480058105, 1078603901,
3413635991, 4269648786, 2084387088, 3394998708, 4165447596,
1561351163, 1281689748, 1172058567, 2267539519, 1934256719, 402160755,
3924047210, 3186665777, 2503360142, 370614541, 1038869103, 387828497,
1621273435, 2103132867, 633326742, 359051219, 1917502182, 17707462,
3441989784, 246795883, 1487388204, 782748386, 3667380908, 823570186,
1221133185, 3479450847, 593720421, 834079207, 3604439781, 3858200631,
3837159656, 3905784186, 3272037929, 2714576996, 646113661, 2488315077,
1261661928, 1123366036, 627448205, 3573522508, 3773969477, 3431159961,
2323852216, 921388809, 2532258011, 3459966330, 1051359094, 3798029689,
1864316598, 1108894977, 848873124, 3440775954, 647798636, 3347440989,
2631523535, 183074881, 777352545, 2576876902, 598478745, 3108909153,
3060459343, 913097561, 3786418516, 1564673581, 475461987, 1125805008,
2487012224, 1527141254, 1064752269, 2065313031, 1163602362, 898435308,
1593100768, 1448654671, 1720056409, 2496720921, 3581118366,
1465280053, 952480031, 385137668, 2973178127, 3764163467, 3051130562,
668538112, 435328352, 3248815937, 3676597113, 3870026750, 2473880734,
3354976578, 1197873320, 1371217888, 2579306039, 611838803, 576695396,
2924877740, 889422204, 255241966, 2934563985, 473398461, 3579606054,
798232050, 3660659768, 3694974860, 3947165934, 148236828, 3849334708,
1916983423, 1012385910, 3209654334, 207847830, 1870162996, 3777311849,
2792967067, 4120334543, 165194841, 4023255779, 2545208880, 3265162482,
3440043957, 2225366170, 278242211, 1898863870, 3489965787, 1426851254,
3389242625, 441084424, 3401986803, 16021898, 1514481403, 2322200973,
448428393, 2989907520, 556489252, 4007582610, 803813624, 1508134568,
709450978, 3459960253, 391095544, 471442373, 16056407, 1260031232,
9401169, 2998570676, 1360504413, 2430159096, 961688970, 3029053523,
2902846359, 282408309, 784051625, 1631401715, 3231735595, 3748624329,
101342069, 1765008283, 534053489, 933870858, 3177162815, 87867921,
2592126050, 777904480, 1656199376, 1353262149, 4079080612, 1112948200,
1216128625, 2876849908, 2734036517, 3184396807, 3917240292,
3708346042, 2854121677, 634033230, 3427391277, 3429604240, 1635207456,
3689791260, 3955322076, 784431236, 2148253060, 2828475159, 2568686107,
3771766733, 486449885, 926924171, 326727835, 2396604168, 4041537744,
986322911, 4270954199, 1006765754, 146956840, 1500880908, 325277374,
585800939, 736745728, 3901344985, 3675598428, 1818831504, 3200791721,
825329318, 3598137937, 1811737690, 909477074, 23903427, 2052635869,
2233909799, 219360628, 2295216276, 1637133330, 1393293112, 3911898344,
3141173699, 2986088864, 1564906140, 4227087726, 1348059971,
2993940422, 2285680590, 3620013248, 2819211202, 3010306383,
2530166314, 2781124114, 385247831, 3652662251, 1655834504, 2125026451,
2596041588, 372890499, 3977294102, 3109718711, 4125669517, 1627020555,
2515269976, 3214401219, 1877768490, 1371160718, 2910144520,
4155910521, 3506172026, 3933205742, 3773214502, 3916020839,
2834414125, 1347283515, 265727666, 3786308014, 853620346, 1708080637,
2679497742, 3268931653, 228842316, 58928999, 2953683701, 3309931155,
883862252, 2650115764, 3831867776, 3024765502, 2981228814, 1609450291,
33630954, 2739348401, 2656656963, 990395773, 203097844, 633357012,
3223610287, 3931671985, 1558025345, 2664746124, 3094595281,
1309914457, 3685565471, 2631501569, 1593664590, 325296273, 1895232860,
1123770, 2004371719, 4155835368, 952609356, 690395909, 2548801647,
1276562355, 1899542915, 1712435313, 824973983, 49416250, 2608187737,
3030858542, 3371326514, 4124251690, 3085137404, 1311731841, 413819015,
679870774, 3729572816, 793900571, 2732658487, 2020027514, 1527520211,
1576390773, 1567671663, 1070512395, 3726623312, 313704342, 2512150123,
2614845352, 4149303989, 3928069140, 2392805371, 1480144233,
3514265731, 3761443115, 1715624884, 2786677869, 1578822386,
2252251531, 43740233, 2911771168, 2332706064, 3648134303, 3764738533,
1158199928, 1746108155, 3471217205, 2157611893, 86170412, 1808943219,
295219812, 2992190139, 4244675834, 2221261134, 2744163077, 71854741,
2661356150, 2185635136, 2162967797, 4111978544, 176173278, 1878363051,
4079246590, 3147788342, 2138576839, 701888069, 2185410181, 429911016,
502100109, 3887919710, 923101856, 3417521517, 1439667171, 638634002,
2371930325, 2214171556, 2899382589, 299656800, 1320264164, 1200622598,
1514835601, 2781506765, 1933816956, 1243833929, 1485628417,
2590259775, 4086796375, 3964283089, 1614468727, 3826666885, 192707284,
2541109263, 4248616854, 487776346, 3751575451, 3265029626, 2608444511,
989861988, 3779477102, 3614051407, 3586448335, 2171231554, 2891219361,
1987735536, 2748085247, 1719579992, 3329426726, 1523057973,
1133943450, 1055827616, 606645411, 418887771, 2780399492, 4124493875,
2694122486, 445144522, 1451106642, 3902328841, 338525639, 1788526076,
3211864574, 378352449, 2030117313, 3315042911, 2987231314, 1953690222,
1366827372, 3590610501, 2438037233, 2492124570, 2640476110, 813618768,
2382156942, 1245367742, 2496419004, 1699036913, 4114087945,
4195628424, 3718679621, 3590445841, 3498989451, 2291259930,
1278352901, 1869673216, 266258458, 2796531019, 802134553, 2793957764,
664829680, 1894031665, 2264134120, 3364702426, 745841929, 3576156849,
3463496387, 875415630, 1478025166, 4288492656, 179961175, 3398287387,
4094778571, 567205788, 2189026168, 343010560, 3277242225, 2189402253,
603469080, 1293504871, 2540719910, 2866481353, 2442055837, 652467073,
3550725021, 342364852, 2874435543, 3208804060, 1998306555, 3909888311,
3133190082, 3184708431, 2698703850, 418802852, 1828511272, 1368616981,
2986083140, 142311799, 3738180397, 127092188, 266158067, 1067797873,
1853328169, 2958698159, 3658262027, 1219141568, 2735315953,
1717376048, 583257678, 3683919379, 1890117333, 2069476156, 2057679622,
3415210599, 1373462748, 1338229947, 31906, 561147815, 2083050569,
3274173687, 133310339, 2471148974, 3399156183, 1164725614, 1819519226,
3579245137, 3865737185, 63561724, 1499661291, 3873451423, 605388623,
2697822581, 2646421652, 1859406805, 4255626952, 2871629004,
2326775139, 560931926, 4119216375, 4019047982, 2055501107, 168486608,
661169897, 2892808241, 1191219943, 3020424298, 1662148643, 3300938250,
3138136722, 1992687708, 569492256, 793985404, 698443954, 3485616546,
4269192506, 3953640595, 2749199881, 3093211415, 6438719, 3391980269,
2096436198, 3359960670, 3801899508, 1959492571, 3550161744,
3306355831, 521045509, 2056369228, 2495970034, 3546424448, 3362339832,
2232625565, 1819609742, 741273740, 1929404025, 823339877, 2516778205,
2884953045, 427920100, 3768986899, 448802626, 3937856628, 1144544058,
295782485, 3602172102, 1651804514, 3061647787, 2961442195, 334184753,
1098213212, 819961945, 62562576, 2616197629, 3757737901, 2250351444,
3914527748, 3182491644, 2325155918, 3617489223, 2871119901, 791561804,
281931408, 2743171350, 1330425546, 1002936715, 1370788082, 212870828,
1912511812, 4187001849, 1208628678, 239228864, 3949510009, 1550214882,
3286158561, 3722901934, 756146331, 433092401, 3020442289, 2843216457,
956204628, 3241065198, 578093967, 236820759, 1384698896, 3015830756,
2547966454, 3117541391, 3893219986, 1425666256, 4051423874, 293205875,
40643432, 1848994581, 1443158042, 1352600593, 1288415898, 2902689286,
4067031816, 3387703851, 3305042073, 2745089730, 2543088345, 768216360,
2175376594, 3555116065, 978198399, 2055594894, 1079595996, 2084766593,
3390770169, 2619445552, 1856759994, 4042721241, 633079913, 2573224777,
3684685543, 3488605645, 1112827682, 2454046309, 1595354055,
3561144504, 624712789, 1255332307, 3847565038, 1090799162, 161406250,
2223127792, 1297112092, 3671835456, 1754567190, 3617678895,
1434105107, 399487404, 3421079069, 2781991854, 2830605882, 3772605525,
699665700, 4223027281, 1512748770, 3304351601, 2125263278, 2983540936,
668238984, 3519934446, 175992272, 4085227230, 3536169225, 2293890751,
3224889803, 825379808, 2034808629, 97688737, 3363388451, 3145511512,
1697043421, 2313364736, 316781986, 3034686700, 345403263, 2328419304,
213951943, 40813730, 3854755807, 2901359795, 613707741, 4258813729,
3986895694, 3207876074, 3474864260, 3448581157, 1348558501, 370786847,
4151473764, 3225780941, 3912847269, 3014648427, 3724470251, 611024263,
22871493, 44395460, 4000706163, 933784124, 3556012738, 3278633188,
3454290609, 3735053527, 2834365550, 1834361672, 3211772527,
2203095818, 605972890, 2395039131, 697723127, 3984947852, 117752004,
3022869073, 1640311568, 1863833362, 967631118, 380932857, 3059678020,
3806094078, 1651376070, 1785688443, 2161102544, 775038728, 417743202,
4139489777, 3290851254, 2118195057, 2148800217, 3829828845, 144292256,
1866704949, 2134556084, 1801239519, 3696612994, 1071601372,
1364690108, 1593210376, 4004351254, 3407377015, 136721263, 279091000,
1842556691, 2566890797, 1243366990, 3272693619, 1396146177,
4028096678, 338358067, 683121907, 1498005264, 9312715, 2097335830,
3048007367, 3701561320, 3483412453, 4231481910, 884021111, 1762025813,
2605561557, 3920664206, 976105188, 1823102205, 3058777821, 3511654514,
2812015387, 2816998564, 2403814705, 4177661413, 3636046274,
3210892064, 3847165097, 1406637698, 610497641, 2073745169, 651097594,
525004800, 3564135066, 634640296, 1558440687, 2997139902, 1846623825,
1131496510, 3374901225, 3215142307, 937186959, 1552359699, 3215898742,
3385229923, 1427977965, 1103655704, 3259692712, 2236276054,
2655408082, 3511693682, 2054920290, 542138887, 2885980702, 3711387447,
3742868597, 2896658090, 252931963, 2362115133, 4261755334, 2133783829,
2385709864, 2794250179, 1586791752, 891802282, 3196012856, 3843126848,
3887092382, 2539543304, 237474588, 527144950, 138811979, 2188416763,
3722465843, 2013370377, 1697776420, 2767353649, 1380140898, 668497137,
3782874510, 869041471, 3254689664, 460954799, 3286128878, 177921778,
3276832641, 2157852440, 2856004668, 1412410509, 991194211, 3444714726,
2579018484, 820800669, 3692053962, 3750691051, 2274029310, 1690970671,
2274922799, 156336137, 1963439460, 498012138, 3797506895, 425779973,
768039700, 1857055875, 1504099488, 2080867958, 4116334875, 3490768016,
2152486441, 4080373259, 2355954220, 3993654854, 493161092, 2536647671,
3659363413, 2545302963, 4204188344, 2553809890, 867466571, 2261479814,
1570916278, 2153326230, 2988104086, 2349574724, 2356210667, 448672234,
253746323, 1217559678, 797205991, 819735756, 650508343, 2866298638,
1185253181, 1367706810, 46747758, 2979901025, 4208954841, 4142127481,
3920084328, 1155678876, 3971552501, 1525823157, 4262434532,
3832594236, 305050843, 3556941153, 2604936970, 3356357579, 2591143544,
2310916606, 653238174, 2734124203, 3507810765, 2281672837, 100528450,
2624621555, 1454206950, 2509441381, 2525025075, 369099152, 3733714238,
2042735045, 1799827737, 1018878110, 3096373233, 3094659301,
1141779062, 3335419032, 3333200516, 46774410, 1119456432, 38515498,
4229166742, 2041825359, 2198703447, 3118548069, 1774175991, 664313827,
2083614472, 3028691082, 2687682463, 321457202, 2156419758, 2620633350,
147649947, 270197988, 1484712912, 1996520760, 2639421605, 998646635,
3230189962, 2152710357, 2716089972, 1527324558, 1538252697,
2084737846, 4085056470, 2227574382, 3209226118, 2791790256,
3732773688, 4235660146, 2587584611, 3976635308, 16580456, 180886031,
2278187776, 801104947, 3631563027, 1006318956, 3767114892, 4220104328,
666616615, 1657497319, 2202917836, 1148126589, 1652619115, 1654138449,
2597011781, 2150894915, 2101093744, 941286156, 1752597838, 2962920201,
2458533658, 3819937994, 1609012714, 2869578997, 686103953, 3962811872,
245781526, 2592969131, 2413754401, 1482188019, 1899100633, 1521144315,
1666607177, 4038328275, 3089331071, 3587527469, 226189221, 3916261136,
1156851584, 1614763901, 1243321374, 944355286, 3484823664, 2455634755,
4002812631, 1227893007, 1020244991, 4166797424, 631579321, 3672922264,
2460571096, 3471047051, 1981692784, 4222994009, 253406142, 3010746959,
862314892, 3594505388, 2486473188, 3988655806, 4171031970, 1969464538,
2687478644, 4226612274, 2933788790, 957597188, 206744568, 4020475905,
1469620338, 1585536426, 4287321622, 3338463019, 3373640305, 306258220,
4232053625, 1555024292, 494707092, 2516965187, 758017857, 807256010,
3148544556, 158038341, 3430894794, 2634373108, 3479242962, 2330657154,
1488906882, 1746906119, 3940194375, 1273990493, 2475064124,
1338423264, 1530168791, 2018206831, 2799632486, 2344721793,
3189817940, 2495287512, 1500129138, 1325857074, 3785793826,
2495339451, 1214357124, 2777752734, 4237517962, 1432212291,
2814445620, 2156433562, 2952577941, 1800066566, 2490843126,
2232850322, 916317277, 634109785, 1652660691, 3315640326, 4150043731,
4147145744, 1193132167, 3361934309, 4136002834, 2368392618,
3790201295, 3850380223, 255029602, 2994196531, 158546542, 3295596899,
3024158913, 1155870692, 2311869054, 2160481652, 2168828188, 517386284,
1986004383, 3094162167, 326797366, 2594001834, 2484595583, 1875398168,
875113432, 2022240229, 2254824645, 2261589756, 2430743564, 3825998734,
1069868980, 3660758871, 2518561133, 3928950098, 429920931, 2193773733,
1478937423, 4121277504, 2257775213, 3398838329, 4152367136,
1456404614, 3251533782, 705248559, 3155802408, 1668595554, 2319397411,
2080376365, 596755640, 9139541, 2766912823, 4061754773, 2300825394,
540026340, 1302961938, 1955900375, 3529259246, 2072840445, 2738953047,
1444612154, 566018999, 2360948716, 3743627715, 103826789, 1781196425,
2936138951, 2452520319, 1426922609, 3865939593, 616081124, 1018340830,
3607671853, 190636121, 2741013388, 1072607058, 1703090098, 3017860636,
974183373, 2869380422, 2818737020, 559780815, 1790390608, 1755131481,
2752227183, 3261138681, 1250050257, 812589621, 1695046603, 719389832,
2013120824, 3049534457, 4211602690, 1012818784, 2372431030,
3235456904, 1804122575, 869843615, 1518281306, 2066058605, 2082499512,
568582268, 3129815474, 976573872, 2843511391, 3632131645, 934019317,
3034950181, 382432143, 3302082664, 1484053860, 3949248385, 3081691359,
1244115588, 1433354314, 2122251572, 758167438, 1757234433, 3021492769,
2319389698, 1914962806, 133343138, 1686027102, 638667603, 1553529343,
2239733760, 3080297054, 1884344591, 3309156756, 2484745831,
2189723123, 2267230217, 1080030055, 3755254386, 2530281130,
2284334717, 3138956946, 526622583, 1622292085, 539594763, 4150724884,
1226770854, 2760398506, 3837267707, 1986255302, 167296620, 160014670,
4127581624, 1363606419, 2611688912, 3768934065, 3498351942,
2148326383, 3808439109, 689875156, 2320100394, 574932459, 2370150309,
4114397967, 1743634361, 2546931890, 903474299, 2501538280, 521315805,
649020565, 2838119158, 3554449273, 4175178036, 3384344441, 2024849806,
1349701814, 414761119, 2570088401, 167667579, 2405686076, 2686716870,
2633429920, 1318673174, 3721294359, 1809679261, 3719679140,
1653911878, 288357979, 3398310071, 2047111440, 2023305011, 1509649056,
1053685812, 2813329189, 731143620, 1441762256, 2590844344, 1879728758,
3713392467, 210296442, 1780184097, 1660298499, 2879073868, 633170821,
1413283692, 2549138864, 2810476483, 4115124779, 3925910731,
2987178858, 495292329, 3482676760, 2195903276, 1809412505, 2851038090,
3996149242, 337733637, 4217832206, 857593994, 2665336493, 3135899742,
1308350149, 1046934483, 424612957, 574472520, 1754439224, 2635861825,
3378283739, 3877744318, 2212448528, 1745169634, 3759934736,
3032170653, 293024127, 1270401625, 4127209037, 3455068696, 1223372915,
297812708, 2240365256, 1631219545, 2029683623, 1881436061, 3014076792,
4188805213, 3299680918, 4026295925, 1047170604, 1782537836,
1662239593, 238434635, 385085362, 3250963968, 1436460669, 263798214,
3523867583, 1363138703, 2794669882, 3728932806, 3509044237,
2263657533, 2709747057, 3525629783, 4039944894, 4088917038,
1677092666, 375145723, 3166159625, 3278450964, 4219899843, 2077246632,
507341480, 269791658, 421270216, 2757177816, 2688236000, 412537663,
1216682367, 95719139, 2471187715, 2551810499, 4266582421, 1007776470,
2396650336, 2513990505, 937711306, 3913603265, 3126334362, 3654410188,
2115362936, 2467069990, 1167326392, 3387100147, 488935830, 2122672036,
2991267345, 1590584516, 2322629645, 1119767199, 1508208420,
2334933319, 1846685095, 3216991691, 270857778, 2743628301, 3917552186,
3512224060, 1917923464, 345001923, 3765840383, 841046786, 848301444,
611009153, 1932460480, 862595025, 2985314026, 1702406618, 3465239742,
1938790564, 960565280, 3427497421, 3088009844, 3798131590, 1071450860,
2844308273, 2473836142, 1252044492, 4250762159, 269983764, 1888216489,
2146567364, 3376704751, 4054416148, 332475600, 4246715671, 145116655,
1139634393, 396796895, 1708049595, 3221411656, 439873334, 2678309617,
2745793300, 3239177425, 430982686, 3518294714, 872892255, 2376603761,
2760021448, 3401853373, 4001796211, 3643919688, 3559903271,
4290923949, 4103460519, 2029827840, 518290687, 4168088796, 1098763170,
1480184521, 2500257737, 3087145446, 1266042882, 342732253, 3846395378,
1401213131, 3027770951, 3956842316, 1534100371, 2724181759,
3117567963, 3899690633, 2700275599, 1699296625, 1169432846,
3464096825, 3460120459, 2478879939, 2479187792, 2698050690,
3129459410, 3609264068, 2422675127, 3467619483, 2536576865,
3281344883, 3920870302, 3938497838, 2238215089, 1054334036,
1265593257, 4162699634, 3761445539, 554229085, 2925971821, 797783109,
2919155562, 661554322, 120677177, 1803645930, 3469939442, 2283744007,
83566442, 372615724, 1034999064, 1231802016, 4034233556, 2581456600,
2617484719, 1941620134, 1880089457, 1196587752, 2618232295,
1408072451, 3373510467, 1717032604, 3782460401, 3855128848, 634283003,
2545614896, 2241347262, 3353300363, 3008078188, 294369392, 4174619997,
1989992022, 3005117690, 3271295028, 1954062842, 352255910, 1599610389,
3385767846, 3637992644, 997108104, 3255469352, 1581713736, 1503427104,
3328490473, 720965944, 1643188471, 3616880102, 2087455906, 13387960,
4165166268, 1451452242, 1257612363, 4066778752, 536291899, 3815454460,
4273069545, 241646849, 3656852155, 2890086176, 2485066412, 4006109230,
3731290044, 4152284860, 2671448268, 413863610, 2521285550, 2079415548,
3637215044, 4164330506, 335456577, 4284518487, 4167497035, 66621789,
634884131, 1655632149, 3162026410, 2162732165, 2193814950, 3418577649,
1701293845, 2189628373, 170464275, 416489302, 450915612, 238313426,
2319560831, 794572595, 641952343, 2212313994, 282660197, 321986179,
11972150, 2035353941, 4221578129, 1670922821, 2977140701, 556772552,
1429306355, 4230380796, 4096495523, 56501698, 521500458, 847775592,
3659072837, 3017706736, 367192460, 1446371775, 1376409155, 1677590957,
2727881328, 918361143, 2514859959, 473611096, 969752192, 110873246,
551303943, 460825085, 1332624657, 4140800992, 1176450027, 1439264993,
4176536046, 895111398, 2511678674, 3832246262, 3866874994, 2822463019,
2050899488, 3888103402, 3246004493, 388898930, 613954814, 624473603,
3112080069, 547693726, 2225848448, 3772643345, 3960778896, 1811653897,
2411456137, 1534399487, 2380996054, 1429270010, 627381053, 623862655,
1230854773, 1402984244, 2280239535, 1231995183, 1676031946,
3478088886, 3447138115, 3779706802, 3943022594, 1900719596,
2852430663, 4112666016, 2019267447, 3536137704, 3383247684, 57553062,
3297722813, 3155500423, 2585523646, 924834868, 3098251214, 2782619619,
2722208883, 4045782265, 572364619, 3378087309, 1787414962, 2324646784,
865827763, 1474750425, 4136002835, 946430352, 1153333202, 1705674265,
990518255, 1344991778, 3585717155, 1195061924, 1959172823, 4056779259,
3752317943, 2815842556, 1147249638, 1841817746, 3070947463, 953186372,
4196456916, 1160325939, 130069085, 2572548551, 2738481234, 1252605128,
1682496305, 2593940119, 4166028097, 3230541511, 1435654160,
1229612336, 4235133963, 1801230620, 2521454973, 2722423117,
1172250232, 877013418, 3646678641, 716014416, 411371024, 2877488575,
230689472, 3253997260, 4111726449, 197583346, 3881661594, 4115192887,
551000950, 2172829173, 3651451896, 1341654578, 4232818844, 2087453798,
3594733128, 268819657, 1862328660, 2257563959, 1114423498, 865399931,
4181339663, 300802186, 1561746108, 1099155600, 2562493186, 753818879,
1296947948, 3567052073, 2017078739, 2100644090, 3006361817,
3039132708, 1977947147, 1790685036, 2899570206, 2411238152,
2164918407, 893469814, 2542856406, 3299528504, 1129568613, 2123506633,
2370271521, 2116540673, 3354145812, 803418427, 2040542743, 3120537905,
3298608813, 1445426164, 3725674629, 3711311136, 4081896061, 505991416,
2887040392, 3465569474, 1466980544, 1485775191, 2899845916,
3636355104, 1940680331, 1472993024, 3015566277, 912279370, 70632404,
1467957080, 958130265, 2309284122, 1041202722, 3695934232, 2182522657,
805020206, 3720099057, 908493907, 2238966382, 1871471475, 736413994,
771102447, 16863667, 1929408959, 1472955604, 1543203660, 2647169078,
3261463184, 3534194609, 2094015882, 1732301892, 865559136, 3184996048,
3671921745, 3356882103, 860936197, 177864094, 3785278178, 1407057227,
1965620500, 3927256204, 327320296, 337401437, 3835912605, 400798899,
3476226925, 2347678091, 3887473352, 3164161380, 4017490809, 529534773,
3270135381, 777993246, 3403956085, 666296902, 1511587684, 4283663898,
2860795630, 2624979172, 1183021254, 3638512595, 2715943255,
1486852316,
